-728.616249 -724.231864 -727.300933 -731.685318 -734.754387 -726.862495 -720.285918 -666.796428 -643.997629 -625.583214 -642.682314 -638.736368 -618.129761 
45.443709 5.984249 -45.751488 -46.189926 3.353618 42.813078 40.620886 -45.751488 -60.219956 -28.213950 61.227493 63.858123 43.689955 
0.000000 0.083333 0.166667 0.250000 0.333333 0.416667 0.500000 0.583333 0.666667 0.750000 0.833333 0.916667 1.000000 
0.000000 0.052675 0.091311 0.152196 0.184973 0.200476 0.215888 0.247963 0.279519 0.320383 0.348033 0.408582 0.462081 0.542802 0.578661 0.606250 0.620319 0.635395 0.650288 0.687735 0.710044 0.729240 0.745964 0.761406 0.778893 0.865474 0.940764 1.000000 

-586.562193 -581.300931 -560.694325 -534.826456 -537.018649 
10.807072 -34.352088 -54.520257 -31.721457 7.738003 
0.000000 0.250000 0.500000 0.750000 1.000000 
0.000000 0.153539 0.212226 0.265969 0.322398 0.377300 0.430280 0.481307 0.545701 0.612812 0.679891 0.744041 0.798547 0.857295 0.921842 1.000000 

-505.889519 -505.451081 -501.066696 -487.913543 -484.844474 -477.391020 -459.415044 -456.345975 -451.961590 -436.177806 
4.668933 -22.075812 -24.268004 3.353618 2.038303 -11.114851 1.161426 0.284549 -11.553289 -26.460196 
0.000000 0.111111 0.222222 0.333333 0.444444 0.555556 0.666667 0.777778 0.888889 1.000000 
0.000000 0.111087 0.171087 0.200232 0.228797 0.380169 0.498184 0.525529 0.549516 0.570391 0.593951 0.719535 0.825404 0.881588 0.931547 1.000000 

-414.255884 -401.541169 -379.619247 -376.111739 -380.496124 -389.703331 -401.102731 -393.210839 -370.412040 -358.135763 -349.366994 -347.174802 -345.859487 -340.598226 -319.991619 
-2.784520 -10.237974 -8.045781 2.038303 15.629895 15.629895 -14.622358 -31.283019 -33.475211 -19.006743 2.915180 2.915180 -34.352088 -36.544280 11.245510 
0.000000 0.071429 0.142857 0.214286 0.285714 0.357143 0.428571 0.500000 0.571429 0.642857 0.714286 0.785714 0.857143 0.928571 1.000000 
0.000000 0.043458 0.075259 0.114109 0.133335 0.151494 0.176458 0.206977 0.267464 0.309732 0.329569 0.347362 0.380932 0.418470 0.434889 0.451277 0.475509 0.501633 0.532823 0.562426 0.588244 0.617115 0.672994 0.754387 0.863674 0.881069 0.896908 0.916257 0.938200 1.000000 

-288.424051 -298.069696 -294.123750 -281.409036 -256.418044 -255.102729 -259.487113 -248.087714 -223.535161 -211.697323 -213.889515 -210.382008 
55.966231 16.506771 -14.183920 -24.268004 3.792057 15.191456 -15.937673 -30.406142 -12.430166 21.768033 14.314579 -22.952689 
0.000000 0.090909 0.181818 0.272727 0.363636 0.454545 0.545455 0.636364 0.727273 0.818182 0.909091 1.000000 
0.000000 0.059175 0.102634 0.128849 0.159185 0.199316 0.227821 0.251106 0.272622 0.295083 0.318918 0.343486 0.366924 0.395123 0.412946 0.432478 0.453505 0.473037 0.513260 0.545030 0.574175 0.599719 0.625324 0.651662 0.677023 0.710166 0.740135 0.781152 0.810480 0.847194 0.892239 0.923978 1.000000 

-193.167089 -196.142241 -197.629817 
53.460704 59.411008 55.692068 
0.000000 0.500000 1.000000 
0.000000 0.521043 0.747703 1.000000 

-43.336960 -56.928552 -64.820444 -56.490114 -10.892515 -13.084708 -60.874498 
36.236501 36.674940 29.659925 16.945210 -7.168905 -15.499235 -17.252989 
0.000000 0.166667 0.333333 0.500000 0.666667 0.833333 1.000000 
0.000000 0.118290 0.206397 0.274575 0.359844 0.401410 0.436567 0.477950 0.516434 0.673574 0.710349 0.747307 0.792444 0.845241 1.000000 

12.783161 14.536914 28.128506 43.473852 32.951329 41.720098 68.026405 53.557936 53.557936 85.563942 
30.975240 17.383648 2.476741 12.560825 30.975240 23.960225 -3.222959 -38.736473 -46.189926 -50.135872 
0.000000 0.111111 0.222222 0.333333 0.444444 0.555556 0.666667 0.777778 0.888889 1.000000 
0.000000 0.070406 0.121982 0.166967 0.204108 0.233345 0.264016 0.294961 0.323862 0.346629 0.372509 0.406018 0.470016 0.537889 0.612110 0.632923 0.651357 0.664449 0.677236 0.706107 0.737877 0.813776 0.843806 1.000000 

226.741121 260.939320 258.747128 235.509890 235.071452 279.792173 288.999380 288.122504 306.536918 319.251633 323.197579 
39.744009 -2.784520 -10.237974 -12.430166 -2.784520 20.014279 32.290555 23.083348 1.161426 8.614879 39.744009 
0.000000 0.100000 0.200000 0.300000 0.400000 0.500000 0.600000 0.700000 0.800000 0.900000 1.000000 
0.000000 0.082247 0.137181 0.153020 0.170354 0.290933 0.317087 0.341472 0.363659 0.384106 0.414899 0.477859 0.505356 0.524369 0.546129 0.574908 0.614124 0.657888 0.691275 0.719260 0.748100 0.775048 0.799951 0.823664 0.848384 0.879910 0.913694 0.950865 1.000000 

354.765147 363.972354 348.188570 335.035417 330.212594 364.410793 385.894277 390.717099 363.972354 
35.359625 -20.322058 -84.334071 -80.826563 -50.574311 42.813078 44.128393 23.521787 -6.730466 
0.000000 0.125000 0.250000 0.375000 0.500000 0.625000 0.750000 0.875000 1.000000 
0.000000 0.058565 0.101444 0.140110 0.183172 0.231330 0.254707 0.279153 0.299112 0.322031 0.418287 0.445570 0.469344 0.490982 0.532823 0.578906 0.620655 0.636036 0.652272 0.669637 0.688589 0.717643 0.771966 0.808832 0.838832 0.873745 0.908841 0.948454 1.000000 

412.639022 430.614998 449.029413 446.837220 431.491875 418.338721 420.530914 446.398782 489.365749 491.996380 491.557942 494.627011 535.401786 
27.906171 16.506771 28.344609 46.759024 40.620886 14.753018 -1.907643 -1.907643 50.704970 45.882147 4.668933 4.668933 53.774039 
0.000000 0.083333 0.166667 0.250000 0.333333 0.416667 0.500000 0.583333 0.666667 0.750000 0.833333 0.916667 1.000000 
0.000000 0.037568 0.065096 0.089785 0.115268 0.145024 0.173223 0.204535 0.238227 0.260109 0.282449 0.305002 0.327219 0.349712 0.374493 0.402448 0.431227 0.451827 0.472121 0.493454 0.514603 0.529191 0.541795 0.553179 0.563707 0.584918 0.607044 0.634693 0.701041 0.756920 0.826228 0.875027 0.914975 0.937986 1.000000 

652.903289 651.149535 649.395782 
52.458724 58.596862 50.266532 
0.000000 0.500000 1.000000 
0.000000 0.521043 1.000000 

659.479866 659.918304 655.095481 
13.437702 19.575841 16.945210 
0.000000 0.500000 1.000000 
0.000000 0.521043 0.747703 1.000000 

680.524911 700.254641 
39.305571 39.744009 
0.000000 1.000000 
0.000000 1.000000 

708.584972 722.176563 724.807194 714.284671 
78.765030 54.212478 27.467733 5.107372 
0.000000 0.333333 0.666667 1.000000 
0.000000 0.167455 0.290017 0.402936 0.515427 0.627094 0.736991 0.858150 1.000000 

